32767.500
33095.175
33095.175
33422.850
33750.525
33750.525
34078.200
34078.200
34405.875
34733.550
34733.550
35061.225
35388.900
35388.900
35716.575
35716.575
36044.250
36371.925
36371.925
36699.600
37027.275
37027.275
37354.950
37354.950
37682.625
38010.300
38010.300
38337.975
38665.650
38665.650
38993.325
38993.325
39321.000
39648.675
39648.675
39976.350
39976.350
40304.025
40631.700
40631.700
40959.375
40959.375
41287.050
41614.725
41614.725
41942.400
42270.075
42270.075
42597.750
42597.750
42925.425
42925.425
43253.100
43580.775
43580.775
43908.450
43908.450
44236.125
44563.800
44563.800
44891.475
44891.475
45219.150
45546.825
45546.825
45874.500
45874.500
46202.175
46202.175
46529.850
46857.525
46857.525
47185.200
47185.200
47512.875
47512.875
47840.550
48168.225
48168.225
48495.900
48495.900
48823.575
48823.575
49151.250
49151.250
49478.925
49478.925
49806.600
50134.275
50134.275
50461.950
50461.950
50789.625
50789.625
51117.300
51117.300
51444.975
51444.975
51772.650
51772.650
52100.325
52100.325
52428.000
52428.000
52755.675
52755.675
53083.350
53083.350
53411.025
53411.025
53738.700
53738.700
54066.375
54066.375
54394.050
54394.050
54721.725
54721.725
55049.400
55049.400
55049.400
55377.075
55377.075
55704.750
55704.750
56032.425
56032.425
56360.100
56360.100
56360.100
56687.775
56687.775
57015.450
57015.450
57343.125
57343.125
57343.125
57670.800
57670.800
57998.475
57998.475
57998.475
58326.150
58326.150
58653.825
58653.825
58653.825
58981.500
58981.500
59309.175
59309.175
59309.175
59636.850
59636.850
59636.850
59964.525
59964.525
59964.525
60292.200
60292.200
60292.200
60619.875
60619.875
60619.875
60947.550
60947.550
60947.550
61275.225
61275.225
61275.225
61602.900
61602.900
61602.900
61930.575
61930.575
61930.575
61930.575
62258.250
62258.250
62258.250
62258.250
62585.925
62585.925
62585.925
62913.600
62913.600
62913.600
62913.600
63241.275
63241.275
63241.275
63241.275
63241.275
63568.950
63568.950
63568.950
63568.950
63896.625
63896.625
63896.625
63896.625
63896.625
63896.625
64224.300
64224.300
64224.300
64224.300
64224.300
64551.975
64551.975
64551.975
64551.975
64551.975
64551.975
64551.975
64879.650
64879.650
64879.650
64879.650
64879.650
64879.650
64879.650
64879.650
65207.325
65207.325
65207.325
65207.325
65207.325
65207.325
65207.325
65207.325
65207.325
65207.325
65207.325
65207.325
65535.000
65535.000
65535.000
65535.000
65535.000
65535.000
65535.000
65535.000
65535.000
65535.000
65535.000
65535.000
65535.000
65535.000
65535.000
65535.000
65535.000
65535.000
65535.000
65535.000
65535.000
65535.000
65535.000
65535.000
65535.000
65535.000
65535.000
65535.000
65535.000
65535.000
65535.000
65207.325
65207.325
65207.325
65207.325
65207.325
65207.325
65207.325
65207.325
65207.325
65207.325
65207.325
65207.325
64879.650
64879.650
64879.650
64879.650
64879.650
64879.650
64879.650
64879.650
64551.975
64551.975
64551.975
64551.975
64551.975
64551.975
64551.975
64224.300
64224.300
64224.300
64224.300
64224.300
63896.625
63896.625
63896.625
63896.625
63896.625
63896.625
63568.950
63568.950
63568.950
63568.950
63241.275
63241.275
63241.275
63241.275
63241.275
62913.600
62913.600
62913.600
62913.600
62585.925
62585.925
62585.925
62258.250
62258.250
62258.250
62258.250
61930.575
61930.575
61930.575
61930.575
61602.900
61602.900
61602.900
61275.225
61275.225
61275.225
60947.550
60947.550
60947.550
60619.875
60619.875
60619.875
60292.200
60292.200
60292.200
59964.525
59964.525
59964.525
59636.850
59636.850
59636.850
59309.175
59309.175
59309.175
58981.500
58981.500
58653.825
58653.825
58653.825
58326.150
58326.150
57998.475
57998.475
57998.475
57670.800
57670.800
57343.125
57343.125
57343.125
57015.450
57015.450
56687.775
56687.775
56360.100
56360.100
56360.100
56032.425
56032.425
55704.750
55704.750
55377.075
55377.075
55049.400
55049.400
55049.400
54721.725
54721.725
54394.050
54394.050
54066.375
54066.375
53738.700
53738.700
53411.025
53411.025
53083.350
53083.350
52755.675
52755.675
52428.000
52428.000
52100.325
52100.325
51772.650
51772.650
51444.975
51444.975
51117.300
51117.300
50789.625
50789.625
50461.950
50461.950
50134.275
50134.275
49806.600
49478.925
49478.925
49151.250
49151.250
48823.575
48823.575
48495.900
48495.900
48168.225
48168.225
47840.550
47512.875
47512.875
47185.200
47185.200
46857.525
46857.525
46529.850
46202.175
46202.175
45874.500
45874.500
45546.825
45546.825
45219.150
44891.475
44891.475
44563.800
44563.800
44236.125
43908.450
43908.450
43580.775
43580.775
43253.100
42925.425
42925.425
42597.750
42597.750
42270.075
42270.075
41942.400
41614.725
41614.725
41287.050
40959.375
40959.375
40631.700
40631.700
40304.025
39976.350
39976.350
39648.675
39648.675
39321.000
38993.325
38993.325
38665.650
38665.650
38337.975
38010.300
38010.300
37682.625
37354.950
37354.950
37027.275
37027.275
36699.600
36371.925
36371.925
36044.250
35716.575
35716.575
35388.900
35388.900
35061.225
34733.550
34733.550
34405.875
34078.200
34078.200
33750.525
33750.525
33422.850
33095.175
33095.175
32767.500
32439.825
32439.825
32112.150
31784.475
31784.475
31456.800
31456.800
31129.125
30801.450
30801.450
30473.775
30146.100
30146.100
29818.425
29818.425
29490.750
29163.075
29163.075
28835.400
28507.725
28507.725
28180.050
28180.050
27852.375
27524.700
27524.700
27197.025
26869.350
26869.350
26541.675
26541.675
26214.000
25886.325
25886.325
25558.650
25558.650
25230.975
24903.300
24903.300
24575.625
24575.625
24247.950
23920.275
23920.275
23592.600
23264.925
23264.925
22937.250
22937.250
22609.575
22609.575
22281.900
21954.225
21954.225
21626.550
21626.550
21298.875
20971.200
20971.200
20643.525
20643.525
20315.850
19988.175
19988.175
19660.500
19660.500
19332.825
19332.825
19005.150
18677.475
18677.475
18349.800
18349.800
18022.125
18022.125
17694.450
17366.775
17366.775
17039.100
17039.100
16711.425
16711.425
16383.750
16383.750
16056.075
16056.075
15728.400
15400.725
15400.725
15073.050
15073.050
14745.375
14745.375
14417.700
14417.700
14090.025
14090.025
13762.350
13762.350
13434.675
13434.675
13107.000
13107.000
12779.325
12779.325
12451.650
12451.650
12123.975
12123.975
11796.300
11796.300
11468.625
11468.625
11140.950
11140.950
10813.275
10813.275
10485.600
10485.600
10485.600
10157.925
10157.925
9830.250
9830.250
9502.575
9502.575
9174.900
9174.900
9174.900
8847.225
8847.225
8519.550
8519.550
8191.875
8191.875
8191.875
7864.200
7864.200
7536.525
7536.525
7536.525
7208.850
7208.850
6881.175
6881.175
6881.175
6553.500
6553.500
6225.825
6225.825
6225.825
5898.150
5898.150
5898.150
5570.475
5570.475
5570.475
5242.800
5242.800
5242.800
4915.125
4915.125
4915.125
4587.450
4587.450
4587.450
4259.775
4259.775
4259.775
3932.100
3932.100
3932.100
3604.425
3604.425
3604.425
3604.425
3276.750
3276.750
3276.750
3276.750
2949.075
2949.075
2949.075
2621.400
2621.400
2621.400
2621.400
2293.725
2293.725
2293.725
2293.725
2293.725
1966.050
1966.050
1966.050
1966.050
1638.375
1638.375
1638.375
1638.375
1638.375
1638.375
1310.700
1310.700
1310.700
1310.700
1310.700
983.025
983.025
983.025
983.025
983.025
983.025
983.025
655.350
655.350
655.350
655.350
655.350
655.350
655.350
655.350
327.675
327.675
327.675
327.675
327.675
327.675
327.675
327.675
327.675
327.675
327.675
327.675
0.000
0.000
0.000
0.000
0.000
0.000
0.000
0.000
0.000
0.000
0.000
0.000
0.000
0.000
0.000
0.000
0.000
0.000
0.000
0.000
0.000
0.000
0.000
0.000
0.000
0.000
0.000
0.000
0.000
0.000
0.000
327.675
327.675
327.675
327.675
327.675
327.675
327.675
327.675
327.675
327.675
327.675
327.675
655.350
655.350
655.350
655.350
655.350
655.350
655.350
655.350
983.025
983.025
983.025
983.025
983.025
983.025
983.025
1310.700
1310.700
1310.700
1310.700
1310.700
1638.375
1638.375
1638.375
1638.375
1638.375
1638.375
1966.050
1966.050
1966.050
1966.050
2293.725
2293.725
2293.725
2293.725
2293.725
2621.400
2621.400
2621.400
2621.400
2949.075
2949.075
2949.075
3276.750
3276.750
3276.750
3276.750
3604.425
3604.425
3604.425
3604.425
3932.100
3932.100
3932.100
4259.775
4259.775
4259.775
4587.450
4587.450
4587.450
4915.125
4915.125
4915.125
5242.800
5242.800
5242.800
5570.475
5570.475
5570.475
5898.150
5898.150
5898.150
6225.825
6225.825
6225.825
6553.500
6553.500
6881.175
6881.175
6881.175
7208.850
7208.850
7536.525
7536.525
7536.525
7864.200
7864.200
8191.875
8191.875
8191.875
8519.550
8519.550
8847.225
8847.225
9174.900
9174.900
9174.900
9502.575
9502.575
9830.250
9830.250
10157.925
10157.925
10485.600
10485.600
10485.600
10813.275
10813.275
11140.950
11140.950
11468.625
11468.625
11796.300
11796.300
12123.975
12123.975
12451.650
12451.650
12779.325
12779.325
13107.000
13107.000
13434.675
13434.675
13762.350
13762.350
14090.025
14090.025
14417.700
14417.700
14745.375
14745.375
15073.050
15073.050
15400.725
15400.725
15728.400
16056.075
16056.075
16383.750
16383.750
16711.425
16711.425
17039.100
17039.100
17366.775
17366.775
17694.450
18022.125
18022.125
18349.800
18349.800
18677.475
18677.475
19005.150
19332.825
19332.825
19660.500
19660.500
19988.175
19988.175
20315.850
20643.525
20643.525
20971.200
20971.200
21298.875
21626.550
21626.550
21954.225
21954.225
22281.900
22609.575
22609.575
22937.250
22937.250
23264.925
23264.925
23592.600
23920.275
23920.275
24247.950
24575.625
24575.625
24903.300
24903.300
25230.975
25558.650
25558.650
25886.325
25886.325
26214.000
26541.675
26541.675
26869.350
26869.350
27197.025
27524.700
27524.700
27852.375
28180.050
28180.050
28507.725
28507.725
28835.400
29163.075
29163.075
29490.750
29818.425
29818.425
30146.100
30146.100
30473.775
30801.450
30801.450
31129.125
31456.800
31456.800
31784.475
31784.475
32112.150
32439.825
32439.825
